1 2 __CrownInt __CrownInt __CrownInt
2 3
3 4
4 5
5 6 9
6 7 8
7 14
8 9
9 10 fprintf fopen
10 11 12
11 13 fprintf
12 13 fclose
13 exit
14 15
15 16
16 17
17 18
18 19
19 20 23
20 21 22
21 28
22 23
23 24 fprintf fopen
24 25 26
25 27 fprintf
26 27 fclose
27 exit
28 29
29 30
30 31
31 32
32 33
33 34 37
34 35 36
35 42
36 37
37 38 fprintf fopen
38 39 40
39 41 fprintf
40 41 fclose
41 exit
42 43
43 44
44 45 printf
45 46 47
46 48
47 48
48 49 50
49 51
50 51
51 52 53
52 54
53 54
54 55 62
55 56 57
56 75
57 58 59
58 75
59 60 61
60 75
61 75
62 63 66
63 64 65
64 75
65 75
66 67 70
67 68 69
68 75
69 75
70 71 74
71 72 73
72 75
73 75
74 75
75 76
76 77 78
77 89
78 79
79 80 81
80 91
81 82
82 83 84
83 93
84 85
85 86 87
86 95
87 88
88 98
89 90 strcpy
90 98
91 92 strcpy
92 98
93 94 strcpy
94 98
95 96 strcpy
96 98
97 98
98 99
99 100 printf
100 101
101
