1 2 __CrownInt
2 3 6
3 4 5
4 7
5 printf exit
6 printf exit
7 8
8 9
9 10
10 11
11 12 13
12 14
13 21
14 15 __CrownInt
15 16 19
16 17 18
17 printf exit
18 20
19 20
20 9
21 22
22 23
23
24 25
25 26
26 27
27 28
28 29 30
29 31
30 38
31 32 33
32 37
33 34 36
34 35
35 40
36 37
37 26
38 39
39 40
40
41 42 57
42 43
43 44
44 45
45 46
46 47 48
47 49
48 54
49 50 52
50 51
51 59
52 53
53 44
54 55
55 56
56 59
57 58
58 59
59
60 61
61 62
62 63
63 64
64 65 66
65 67
66 72
67 68 70
68 69
69 74
70 71
71 62
72 73
73 74
74
75 76 1
76 77
77 78
78 79
79 80 81
80 82
81 83
82 77
83 84
84 85 __CrownInt 24 41
85 86 87
86 88
87 __assert_fail
88 89 60
89 90 91
90 92
91 __assert_fail
92 93
93
